16
16
19 187 230 7 129 194 0 153 219 44 232 245 0 153 219 7 
129 194 0 153 219 0 153 219 44 232 245 0 153 219 7 129 
194 0 153 219 11 111 173 0 153 219 19 187 230 0 153 219 
0 153 219 19 187 230 7 129 194 19 187 230 0 153 219 0 
153 219 7 129 194 44 232 245 0 153 219 11 111 173 7 129 
194 0 153 219 0 153 219 11 111 173 44 232 245 0 153 219 
0 153 219 11 111 173 0 153 219 44 232 245 0 153 219 11 
111 173 0 153 219 44 232 245 11 111 173 0 153 219 0 153 
219 7 129 194 0 153 219 44 232 245 7 129 194 0 153 219 
7 129 194 0 153 219 0 153 219 44 232 245 0 153 219 11 
111 173 0 153 219 0 153 219 44 232 245 19 187 230 19 187 
230 0 153 219 44 232 245 0 153 219 0 153 219 7 129 194 
0 153 219 0 153 219 19 187 230 0 153 219 44 232 245 0 
153 219 0 153 219 44 232 245 0 153 219 7 129 194 0 153 
219 44 232 245 19 187 230 44 232 245 0 153 219 0 153 219 
44 232 245 19 187 230 0 153 219 11 111 173 0 153 219 44 
232 245 44 232 245 0 153 219 0 153 219 7 129 194 0 153 
219 19 187 230 0 153 219 0 153 219 44 232 245 0 153 219 
0 153 219 0 153 219 11 111 173 0 153 219 19 187 230 0 
153 219 0 153 219 44 232 245 7 129 194 0 153 219 44 232 
245 0 153 219 11 111 173 0 153 219 0 153 219 44 232 245 
44 232 245 19 187 230 0 153 219 0 153 219 44 232 245 0 
153 219 7 129 194 0 153 219 44 232 245 19 187 230 0 153 
219 19 187 230 0 153 219 11 111 173 44 232 245 0 153 219 
11 111 173 11 111 173 19 187 230 0 153 219 44 232 245 7 
129 194 0 153 219 0 153 219 11 111 173 44 232 245 7 129 
194 0 153 219 11 111 173 44 232 245 0 153 219 7 129 194 
0 153 219 0 153 219 11 111 173 44 232 245 0 153 219 44 
232 245 0 153 219 11 111 173 0 153 219 44 232 245 0 153 
219 7 129 194 7 129 194 19 187 230 7 129 194 11 111 173 
44 232 245 19 187 230 44 232 245 7 129 194 0 153 219 0 
153 219 19 187 230 0 153 219 44 232 245 0 153 219 44 232 
245 0 153 219 11 111 173 0 153 219 19 187 230 44 232 245 
0 153 219 0 153 219 19 187 230 0 153 219 7 129 194 11 
111 173 0 153 219 44 232 245 0 153 219 0 153 219 0 153 
219 44 232 245 0 153 219 44 232 245 0 153 219 11 111 173 
7 129 194 0 153 219 44 232 245 0 153 219 11 111 173 0 
153 219 0 153 219 44 232 245 0 153 219 11 111 173 11 111 
173 0 153 219 44 232 245 0 153 219 0 153 219 0 153 219 
0 153 219 44 232 245 0 153 219 7 129 194 0 153 219 11 
111 173 19 187 230 0 153 219 44 232 245 19 187 230 0 153 
219 0 153 219 19 187 230 0 153 219 11 111 173 7 129 194 
11 111 173 0 153 219 44 232 245 0 153 219 0 153 219 44 
232 245 0 153 219 7 129 194 0 153 219 0 153 219 44 232 
245 19 187 230 0 153 219 44 232 245 0 153 219 19 187 230 
19 187 230 7 129 194 0 153 219 44 232 245 19 187 230 0 
153 219 7 129 194 0 153 219 0 153 219 44 232 245 0 153 
219 7 129 194 0 153 219 0 153 219 19 187 230 0 153 219 
