16
16
38 111 93 38 111 93 27 90 91 27 90 91 55 139 96 38 
111 93 27 90 91 27 90 91 27 90 91 38 111 93 27 90 
91 27 90 91 27 90 91 27 90 91 21 76 89 27 90 91 
21 76 89 38 111 93 21 76 89 21 76 89 27 90 91 27 
90 91 27 90 91 27 90 91 27 90 91 38 111 93 38 111 
93 55 139 96 55 139 96 27 90 91 27 90 91 27 90 91 
38 111 93 27 90 91 21 76 89 27 90 91 38 111 93 27 
90 91 27 90 91 38 111 93 27 90 91 38 111 93 21 76 
89 21 76 89 27 90 91 55 139 96 38 111 93 27 90 91 
21 76 89 21 76 89 38 111 93 27 90 91 27 90 91 27 
90 91 27 90 91 38 111 93 38 111 93 21 76 89 21 76 
89 27 90 91 38 111 93 27 90 91 27 90 91 38 111 93 
38 111 93 21 76 89 27 90 91 21 76 89 38 111 93 27 
90 91 27 90 91 27 90 91 38 111 93 21 76 89 27 90 
91 21 76 89 38 111 93 27 90 91 27 90 91 27 90 91 
21 76 89 21 76 89 21 76 89 38 111 93 38 111 93 27 
90 91 55 139 96 38 111 93 38 111 93 27 90 91 21 76 
89 21 76 89 27 90 91 27 90 91 27 90 91 27 90 91 
27 90 91 21 76 89 27 90 91 27 90 91 38 111 93 55 
139 96 27 90 91 27 90 91 27 90 91 27 90 91 38 111 
93 27 90 91 27 90 91 27 90 91 27 90 91 21 76 89 
21 76 89 27 90 91 27 90 91 27 90 91 38 111 93 55 
139 96 27 90 91 21 76 89 38 111 93 38 111 93 27 90 
91 27 90 91 27 90 91 27 90 91 27 90 91 27 90 91 
27 90 91 27 90 91 27 90 91 38 111 93 38 111 93 55 
139 96 38 111 93 27 90 91 27 90 91 27 90 91 27 90 
91 27 90 91 27 90 91 27 90 91 21 76 89 21 76 89 
21 76 89 27 90 91 27 90 91 38 111 93 55 139 96 38 
111 93 27 90 91 27 90 91 27 90 91 27 90 91 27 90 
91 38 111 93 21 76 89 21 76 89 21 76 89 27 90 91 
27 90 91 21 76 89 27 90 91 21 76 89 27 90 91 38 
111 93 21 76 89 38 111 93 27 90 91 27 90 91 38 111 
93 21 76 89 21 76 89 21 76 89 27 90 91 27 90 91 
21 76 89 27 90 91 27 90 91 21 76 89 38 111 93 27 
90 91 21 76 89 27 90 91 27 90 91 21 76 89 27 90 
91 21 76 89 21 76 89 21 76 89 27 90 91 21 76 89 
38 111 93 38 111 93 27 90 91 38 111 93 21 76 89 27 
90 91 27 90 91 27 90 91 38 111 93 27 90 91 38 111 
93 38 111 93 21 76 89 27 90 91 21 76 89 27 90 91 
21 76 89 21 76 89 38 111 93 38 111 93 21 76 89 21 
76 89 27 90 91 21 76 89 27 90 91 21 76 89 38 111 
93 27 90 91 38 111 93 27 90 91 27 90 91 27 90 91 
27 90 91 27 90 91 27 90 91 38 111 93 21 76 89 21 
76 89 21 76 89 27 90 91 21 76 89 38 111 93 27 90 
91 27 90 91 27 90 91 21 76 89 21 76 89 21 76 89 
27 90 91 27 90 91 27 90 91 27 90 91 55 139 96 27 
90 91 21 76 89 21 76 89 38 111 93 27 90 91 27 90 
91 27 90 91 21 76 89 21 76 89 21 76 89 21 76 89 
