16
16
62 39 49 184 111 80 184 111 80 184 111 80 184 111 80 184 
111 80 184 111 80 234 212 170 62 39 49 184 111 80 184 111 
80 184 111 80 184 111 80 184 111 80 184 111 80 234 212 170 
62 39 49 62 39 49 115 62 57 115 62 57 115 62 57 115 
62 57 115 62 57 184 111 80 62 39 49 62 39 49 115 62 
57 115 62 57 115 62 57 115 62 57 115 62 57 184 111 80 
62 39 49 62 39 49 115 62 57 115 62 57 115 62 57 115 
62 57 115 62 57 184 111 80 62 39 49 62 39 49 115 62 
57 115 62 57 115 62 57 115 62 57 115 62 57 184 111 80 
62 39 49 62 39 49 115 62 57 115 62 57 115 62 57 115 
62 57 115 62 57 184 111 80 62 39 49 62 39 49 115 62 
57 115 62 57 115 62 57 115 62 57 115 62 57 184 111 80 
62 39 49 62 39 49 115 62 57 115 62 57 115 62 57 115 
62 57 115 62 57 184 111 80 62 39 49 62 39 49 115 62 
57 115 62 57 115 62 57 115 62 57 115 62 57 184 111 80 
62 39 49 62 39 49 115 62 57 115 62 57 115 62 57 115 
62 57 115 62 57 184 111 80 62 39 49 62 39 49 115 62 
57 115 62 57 115 62 57 115 62 57 115 62 57 184 111 80 
62 39 49 62 39 49 62 39 49 62 39 49 62 39 49 62 
39 49 62 39 49 184 111 80 62 39 49 62 39 49 62 39 
49 62 39 49 62 39 49 62 39 49 62 39 49 184 111 80 
62 39 49 62 39 49 62 39 49 62 39 49 62 39 49 62 
39 49 62 39 49 62 39 49 62 39 49 62 39 49 62 39 
49 62 39 49 62 39 49 62 39 49 62 39 49 62 39 49 
62 39 49 184 111 80 184 111 80 184 111 80 184 111 80 184 
111 80 184 111 80 234 212 170 62 39 49 184 111 80 184 111 
80 184 111 80 184 111 80 184 111 80 184 111 80 234 212 170 
62 39 49 62 39 49 115 62 57 115 62 57 115 62 57 115 
62 57 115 62 57 184 111 80 62 39 49 62 39 49 115 62 
57 115 62 57 115 62 57 115 62 57 115 62 57 184 111 80 
62 39 49 62 39 49 115 62 57 115 62 57 115 62 57 115 
62 57 115 62 57 184 111 80 62 39 49 62 39 49 115 62 
57 115 62 57 115 62 57 115 62 57 115 62 57 184 111 80 
62 39 49 62 39 49 115 62 57 115 62 57 115 62 57 115 
62 57 115 62 57 184 111 80 62 39 49 62 39 49 115 62 
57 115 62 57 115 62 57 115 62 57 115 62 57 184 111 80 
62 39 49 62 39 49 115 62 57 115 62 57 115 62 57 115 
62 57 115 62 57 184 111 80 62 39 49 62 39 49 115 62 
57 115 62 57 115 62 57 115 62 57 115 62 57 184 111 80 
62 39 49 62 39 49 115 62 57 115 62 57 115 62 57 115 
62 57 115 62 57 184 111 80 62 39 49 62 39 49 115 62 
57 115 62 57 115 62 57 115 62 57 115 62 57 184 111 80 
62 39 49 62 39 49 62 39 49 62 39 49 62 39 49 62 
39 49 62 39 49 184 111 80 62 39 49 62 39 49 62 39 
49 62 39 49 62 39 49 62 39 49 62 39 49 184 111 80 
62 39 49 62 39 49 62 39 49 62 39 49 62 39 49 62 
39 49 62 39 49 62 39 49 62 39 49 62 39 49 62 39 
49 62 39 49 62 39 49 62 39 49 62 39 49 62 39 49 
