16
16
120 68 60 120 68 60 105 61 58 128 78 68 120 68 60 120 
68 60 105 61 58 128 78 68 120 68 60 120 68 60 120 68 
60 105 61 58 128 78 68 120 68 60 105 61 58 120 68 60 
128 78 68 120 68 60 120 68 60 120 68 60 128 78 68 105 
61 58 120 68 60 128 78 68 105 61 58 120 68 60 120 68 
60 105 61 58 128 78 68 120 68 60 105 61 58 120 68 60 
120 68 60 120 68 60 105 61 58 120 68 60 128 78 68 120 
68 60 120 68 60 120 68 60 105 61 58 120 68 60 105 61 
58 120 68 60 120 68 60 120 68 60 120 68 60 105 61 58 
120 68 60 120 68 60 105 61 58 120 68 60 120 68 60 105 
61 58 120 68 60 120 68 60 105 61 58 120 68 60 120 68 
60 120 68 60 120 68 60 120 68 60 128 78 68 120 68 60 
120 68 60 120 68 60 105 61 58 128 78 68 120 68 60 105 
61 58 120 68 60 120 68 60 105 61 58 120 68 60 120 68 
60 128 78 68 120 68 60 105 61 58 128 78 68 120 68 60 
120 68 60 105 61 58 120 68 60 120 68 60 120 68 60 105 
61 58 120 68 60 120 68 60 120 68 60 105 61 58 120 68 
60 128 78 68 105 61 58 120 68 60 120 68 60 120 68 60 
120 68 60 120 68 60 120 68 60 120 68 60 105 61 58 120 
68 60 128 78 68 120 68 60 120 68 60 120 68 60 120 68 
60 120 68 60 105 61 58 120 68 60 120 68 60 120 68 60 
128 78 68 120 68 60 120 68 60 120 68 60 120 68 60 120 
68 60 128 78 68 120 68 60 105 61 58 120 68 60 105 61 
58 120 68 60 128 78 68 120 68 60 105 61 58 120 68 60 
128 78 68 120 68 60 105 61 58 128 78 68 120 68 60 105 
61 58 120 68 60 120 68 60 105 61 58 120 68 60 105 61 
58 120 68 60 128 78 68 120 68 60 105 61 58 120 68 60 
120 68 60 120 68 60 105 61 58 128 78 68 120 68 60 105 
61 58 120 68 60 120 68 60 120 68 60 120 68 60 105 61 
58 120 68 60 120 68 60 105 61 58 120 68 60 120 68 60 
120 68 60 120 68 60 105 61 58 120 68 60 120 68 60 120 
68 60 105 61 58 120 68 60 120 68 60 105 61 58 120 68 
60 120 68 60 120 68 60 120 68 60 120 68 60 120 68 60 
105 61 58 120 68 60 120 68 60 105 61 58 120 68 60 120 
68 60 128 78 68 120 68 60 120 68 60 120 68 60 120 68 
60 105 61 58 120 68 60 120 68 60 120 68 60 105 61 58 
120 68 60 105 61 58 120 68 60 120 68 60 120 68 60 105 
61 58 128 78 68 120 68 60 105 61 58 120 68 60 105 61 
58 120 68 60 120 68 60 105 61 58 120 68 60 120 68 60 
120 68 60 105 61 58 120 68 60 128 78 68 120 68 60 105 
61 58 120 68 60 120 68 60 105 61 58 120 68 60 105 61 
58 120 68 60 120 68 60 105 61 58 128 78 68 120 68 60 
120 68 60 120 68 60 120 68 60 128 78 68 120 68 60 105 
61 58 120 68 60 120 68 60 105 61 58 120 68 60 120 68 
60 128 78 68 120 68 60 105 61 58 120 68 60 128 78 68 
120 68 60 120 68 60 120 68 60 120 68 60 105 61 58 120 
68 60 120 68 60 120 68 60 120 68 60 105 61 58 120 68 
60 128 78 68 120 68 60 120 68 60 120 68 60 120 68 60 
